#dlgfn #in cluster #LE #rmsd #ats #tors #h_ats #lig_eff 
WSA262/WSA262_docking,2, -9.0200, 395.2672,  40, 10, 1, -0.2313
WSA262/WSA262_docking,1, -8.2200, 394.9759,  40, 10, 1, -0.2108
WSA262/WSA262_docking,1, -7.8800, 394.3522,  40, 10, 1, -0.2021
WSA262/WSA262_docking,1, -7.4600, 394.7939,  40, 10, 1, -0.1913
WSA262/WSA262_docking,1, -7.4100, 394.0854,  40, 10, 1, -0.1900
WSA262/WSA262_docking,1, -7.3000, 394.3344,  40, 10, 1, -0.1872
WSA262/WSA262_docking,1, -6.6800, 393.2561,  40, 10, 1, -0.1713
WSA262/WSA262_docking,1, -5.7100, 393.5668,  40, 10, 1, -0.1464
WSA262/WSA262_docking,1, -5.5100, 395.0004,  40, 10, 1, -0.1413
